0.573189
0.061686
0.547529
0.090868
0.314761
0.086580
0.230522
0.060776
0.147185
0.073451
1.793771
0.216182
0.105504
0.216965
0.203367
0.352116
0.940302
0.369106
0.097852
0.065380
0.133385
0.070584
0.092868
0.943002
0.430180
0.491719
0.186030
1.288647
0.092504
0.292600
0.095492
0.072332
0.067606
0.061130
0.120151
0.097513
0.108217
0.071638
0.214849
0.077845
0.384723
0.110691
0.182602
0.604461
0.315952
0.132345
0.056979
0.294543
0.061284
0.098617
0.111836
0.232558
0.704777
0.329180
0.879220
0.068387
0.356819
0.072592
0.096351
0.071930
0.887878
0.066335
0.067071
0.094229
0.881540
0.327372
0.083844
0.339371
1.203628
0.218042
0.129435
0.068321
0.069426
0.210268
0.069699
0.137028
0.328976
0.283244
1.113590
0.086315
0.061583
0.323768
0.462104
0.067044
0.065630
0.085056
0.067849
0.087970
0.063050
0.233449
1.797573
0.642587
0.627709
1.213390
0.240155
0.074437
0.411011
0.071334
0.084808
0.106537
0.903188
0.062976
0.064216
0.097107
0.397524
0.304065
0.136966
0.129481
1.038457
0.216048
0.189291
0.079153
0.131847
0.691399
0.062736
0.311444
0.059516
0.066432
0.241483
0.905730
0.429817
0.106199
1.030320
0.058512
0.589445
0.070207
0.139229
0.058364
0.584414
0.058498
0.074512
0.107205
0.117312
0.327660
0.306946
0.062721
0.309408
0.072945
0.079332
0.192437
0.091758
0.078664
1.355261
0.095098
0.094998
0.146112
0.215755
0.700747
0.432067
1.703516
0.109055
0.305484
0.757039
0.075729
0.843762
0.117074
0.371152
0.397388
0.434495
0.238596
0.794340
0.126214
0.229686
0.535554
0.355057
0.410433
0.086086
0.397215
0.279468
0.070122
0.075388
0.335292
0.372639
0.129653
0.165461
0.609793
0.059125
0.758353
0.184349
0.096660
0.127019
0.124922
0.106801
0.163786
0.061700
0.248283
1.165023
1.054942
0.111036
1.151759
1.745263
0.239619
0.939910
0.265851
0.069185
0.074602
0.572454
0.116910
0.440315
0.931496
1.685274
0.060178
0.230955
0.133434
0.270472
0.217642
0.118131
0.137783
0.564633
0.322628
0.308095
0.239208
0.759281
0.086267
0.798625
0.323320
0.100617
0.062302
0.059333
0.307787
0.073978
0.132459
0.784706
1.713318
0.098649
0.759971
0.358319
1.148634
0.574635
0.112383
0.127281
0.069847
0.134564
0.066750
0.086552
1.715161
0.068391
0.065984
0.061652
0.077724
0.684484
0.218184
0.178784
0.354010
0.064526
0.081721
1.045135
0.056324
0.116590
0.070648
0.063906
0.060443
0.099281
0.290996
1.041750
0.163396
0.188583
0.060890
0.165071
0.119824
0.058785
0.102354
0.155880
0.092142
0.069627
0.363200
0.062210
0.323082
0.055943
0.097284
1.063830
0.114327
1.733733
1.022557
0.062274
0.076543
1.723280
0.066234
0.146402
0.061578
0.117239
0.113352
0.059737
0.685540
0.115438
0.221074
0.154341
0.753952
0.061936
0.069399
0.217946
0.789554
0.196363
0.590931
0.306312
0.202108
0.175968
0.280095
0.862547
0.607520
0.182746
0.921097
0.078698
1.769800
1.037441
0.764823
0.618394
1.711023
0.062163
0.191598
0.083262
0.216130
0.506835
1.694783
0.063223
0.305573
0.056140
0.095891
0.178886
0.142038
0.528020
0.067433
0.842050
0.104117
0.152284
0.063031
0.309544
0.065283
0.757796
0.070467
0.684080
0.067233
0.070410
0.075317
0.209850
0.317858
0.069566
0.156856
0.600889
0.060557
0.074498
0.143323
1.061265
0.191637
0.105969
0.065690
0.065107
0.363099
0.068380
0.062182
0.272710
0.319419
0.061351
0.082371
0.135248
0.684320
1.036465
1.037400
1.147730
0.137292
1.038206
0.147831
0.164308
0.063325
0.131584
1.691930
0.063341
0.838050
0.061848
1.720648
1.707031
0.070585
0.065356
0.495442
0.116745
0.360221
0.114354
0.062788
0.585360
0.072246
0.316658
0.064226
1.144535
0.941614
0.203692
0.058638
0.406138
0.106861
0.845190
1.694781
0.228083
0.061386
1.724177
0.387793
0.573145
0.137734
0.601798
0.068278
0.758601
0.110506
0.085801
1.044741
0.105554
0.115302
0.063926
0.616837
0.311697
0.593558
0.186987
0.056264
0.170004
0.065807
0.067965
1.047295
0.059290
0.062561
0.063540
0.132115
0.079278
0.165688
0.097376
0.320932
1.730347
1.155266
0.082812
1.048987
0.602384
0.138782
0.087480
0.669646
0.060274
0.872277
0.108102
0.056964
1.029887
1.155511
0.134228
0.069084
0.298942
0.789041
0.061458
0.073636
0.064623
0.063725
0.061006
1.056297
0.081515
0.077886
0.059830
0.109755
0.790778
0.582696
0.848879
0.060742
0.066326
0.592111
0.129727
0.067211
0.137011
0.189165
0.085160
0.273629
0.066682
0.073576
0.061368
0.104456
0.609433
1.744606
0.066139
0.095864
0.586280
0.064155
0.569433
0.812440
1.036800
1.731648
0.098444
0.429320
0.062078
0.077252
0.588299
0.063835
0.064124
1.161531
0.126724
0.318863
0.178611
0.077841
0.931512
0.082938
0.462661
0.873457
0.138827
0.094262
0.107681
0.089427
1.820325
0.137236
0.056073
0.087021
0.155345
0.061228
1.061625
0.071758
0.182712
0.697226
0.767821
0.315557
0.583923
1.138886
0.093889
0.376691
0.199167
0.062965
1.168356
1.076760
0.269509
0.199458
0.260260
0.073585
0.083994
0.068682
0.157845
0.120849
0.143274
0.079575
0.801793
0.070627
0.119665
0.189673
1.052957
0.357667
0.107810
0.876035
0.113053
0.595694
0.660790
0.555322
1.060980
1.729829
0.073892
0.326852
0.361386
0.274249
0.076193
0.197400
0.079514
0.307666
0.816618
0.062249
0.057744
0.082770
0.108264
0.113730
0.202012
0.817678
0.202053
0.411576
0.078347
0.237333
0.614948
0.233725
0.166948
1.735588
0.065685
0.129548
1.104302
0.262715
0.603009
0.060304
0.111818
0.369180
0.089048
0.308190
0.143681
0.057275
1.037405
0.183237
0.267035
0.068016
1.772234
0.094309
0.085998
0.066614
1.010756
0.367939
0.060871
0.145836
0.079073
0.313785
0.430268
0.502003
0.190003
0.064146
0.197731
0.861070
0.699918
0.109828
0.843455
0.606241
0.233820
0.407280
0.063599
0.065768
0.591887
0.269065
0.065905
0.387794
0.110870
0.322290
0.331167
0.238533
0.058961
0.125545
1.050159
0.066112
0.312893
0.886957
0.101800
0.569756
0.071820
0.585528
0.067068
1.050108
0.628604
0.060323
0.193527
0.856505
0.211676
1.739849
0.054911
0.058186
1.745454
0.578712
0.061195
0.068044
0.076634
0.602297
0.325878
0.081727
0.075858
0.061767
0.590797
0.242390
0.322210
0.688453
1.035546
0.089128
0.120912
0.325372
0.113401
0.591767
0.139219
1.186759
0.073947
0.589841
0.071829
0.181256
0.131136
0.817227
0.955995
1.210393
0.381803
0.065555
0.326909
0.506173
1.138671
0.439786
0.082277
0.593344
0.075667
0.246757
1.045357
0.068324
0.080611
0.616311
0.086551
0.072375
0.257810
0.458350
0.098313
0.441204
0.152690
1.295033
1.699102
0.470541
1.979514
0.163923
2.021452
0.183985
0.087105
0.072665
0.988789
0.717497
0.228122
0.611210
0.074942
0.101841
0.088864
1.841010
0.243321
0.924529
0.058709
0.329540
0.242620
0.629704
0.088673
0.112174
0.119110
1.739420
0.103183
1.203056
0.248404
0.083336
1.775363
0.075690
0.079452
0.609712
0.218363
0.689380
1.759690
0.332729
0.084644
0.135260
0.191514
0.340163
0.514796
0.139744
0.214933
0.412704
0.097017
0.515700
0.438797
0.797505
0.812072
0.059081
0.170514
0.780426
0.335588
0.068014
0.135112
0.139019
0.078515
0.129283
0.144194
0.244073
0.313739
0.306138
0.147345
0.318512
0.210586
0.057529
0.324857
0.229706
0.503693
0.586289
0.880690
0.316633
0.057101
0.068175
0.895342
0.064118
0.098076
0.064120
0.091368
0.094981
1.048107
0.118958
0.763223
0.062324
0.586531
0.092761
0.063736
0.076494
0.111065
0.081420
1.744614
0.609797
0.066368
0.093750
0.117001
0.211201
0.100135
0.135405
0.094913
0.139270
0.147286
0.212455
1.197896
0.117807
0.193670
0.119848
0.093238
0.147969
0.615020
0.884127
1.748500
0.177872
1.757624
0.085307
0.169125
0.066968
